lastAccountName: AirFusion_45
timestamps:
  login: 1533699873743
  logout: 1533699953081
ipAddress: 76.103.133.62
lastlocation:
  world: world
  x: 247.5
  y: 65.0
  z: 260.5
  yaw: 3.8627257
  pitch: 0.0
logoutlocation:
  world: world
  x: 236.71270232397848
  y: 67.0
  z: 229.69999998807907
  yaw: 28.75946
  pitch: 28.824537
