lastAccountName: AirFusion_45
timestamps:
  login: 1525231669501
  logout: 1525231675171
  lastteleport: 1525137209866
ipAddress: 76.103.133.62
lastlocation:
  world: world
  x: 3395.699999988079
  y: 67.20000004768372
  z: 1608.699999988079
  yaw: 166.33273
  pitch: 47.850014
logoutlocation:
  world: world
  x: -147.09015229295798
  y: 93.3024498806569
  z: 170.12698705328947
  yaw: 116.62559
  pitch: 23.247246
afk: false
