lastAccountName: Supreme_Enderman
timestamps:
  login: 1533595835629
  logout: 1533595971213
ipAddress: 99.31.212.148
lastlocation:
  world: world
  x: 166.97877264411582
  y: 64.0
  z: 331.1627415420477
  yaw: -77.99121
  pitch: 12.705154
logoutlocation:
  world: world
  x: 242.30197118994315
  y: 65.0
  z: 255.0249175382348
  yaw: 117.742165
  pitch: -22.9039
