lastAccountName: Eycopercly
timestamps:
  login: 1523766290053
  logout: 1523766325972
ipAddress: 76.103.133.62
lastlocation:
  world: world
  x: -478.5
  y: 116.0
  z: 235.5
  yaw: 0.88272303
  pitch: 0.0
logoutlocation:
  world: world
  x: -486.1748199532285
  y: 123.0
  z: 229.24111896278023
  yaw: -8.487476
  pitch: 41.290337
