lastAccountName: GoldenMouse08
timestamps:
  login: 1514055411350
  logout: 1514055864008
ipAddress: 73.162.231.36
lastlocation:
  world: world
  x: -423.5
  y: 110.0
  z: 207.5
  yaw: 1.789164
  pitch: 0.0
logoutlocation:
  world: world
  x: -272.0248033653051
  y: 63.0
  z: 192.39245598793948
  yaw: 226.35034
  pitch: 3.8999743
