lastAccountName: WhiteT1gerNinja
timestamps:
  login: 1532746468089
  logout: 1532746497287
ipAddress: 192.168.1.1
lastlocation:
  world: world
  x: 241.5
  y: 66.0
  z: 253.5
  yaw: 1.073494
  pitch: 0.0
logoutlocation:
  world: world
  x: 224.4715465874853
  y: 72.0
  z: 234.67800216086349
  yaw: 313.34424
  pitch: 51.907204
