lastAccountName: WhiteT1gerNinja
timestamps:
  login: 1533593844613
  logout: 1533593885979
ipAddress: 192.168.1.1
lastlocation:
  world: world
  x: 241.5
  y: 66.0
  z: 253.5
  yaw: 1.073494
  pitch: 0.0
logoutlocation:
  world: world
  x: 304.42430515210526
  y: 63.0
  z: 170.30000001192093
  yaw: -120.127335
  pitch: 42.060654
