lastAccountName: SkyNoob28
timestamps:
  login: 1533542021626
  logout: 1533542041784
ipAddress: 24.6.231.231
lastlocation:
  world: world
  x: 281.09427630602676
  y: 65.0
  z: 98.6125548405175
  yaw: 295.80234
  pitch: 90.0
logoutlocation:
  world: world
  x: 212.7239015107197
  y: 71.0
  z: 219.40234409584485
  yaw: -291.30014
  pitch: 27.900013
