lastAccountName: CyberKn1ght
timestamps:
  login: 1533594149635
  logout: 1533594165985
ipAddress: 192.168.1.1
lastlocation:
  world: world
  x: 234.5
  y: 66.0
  z: 263.5
  yaw: 5.0175333
  pitch: 0.0
logoutlocation:
  world: world
  x: 252.0104756179472
  y: 66.0
  z: 231.64768913591965
  yaw: 50.446835
  pitch: 15.642243
