world: world
x: 5557.549712110906
y: 4.0
z: 2930.219935421131
yaw: -89.1394
pitch: 19.83387
name: AdminChambers
