world: world
x: 3917.3872427991564
y: 83.8012707175588
z: 7526.429665674925
yaw: -18.743065
pitch: 20.62034
name: aerie
