world: world_nether
x: 840.1590731257994
y: 75.0
z: 852.4546861223891
yaw: 99.34172
pitch: 23.543211
name: ArenaClearsInventory
