world: world
x: 4279.168266034573
y: 69.0625
z: 2503.555056731641
yaw: 74.00774
pitch: 18.450031
name: CrassusHQ
