world: world
x: 8151.393170687367
y: 26.017650436327575
z: 5231.748255198934
yaw: -119.34195
pitch: 22.949991
name: DenOfThievesRuins
