world: world
x: 6200.5
y: 121.36555300899077
z: 6300.5
yaw: 14.758189
pitch: 10.050013
name: Fillanel
