world: world
x: 5502.732571677299
y: 86.13444728897397
z: 7608.477916849109
yaw: -31.141872
pitch: 21.60001
name: Fogholt
