world: world
x: 7500.5
y: 100.0
z: 6900.5
yaw: -31.141872
pitch: 21.60001
name: Renora
