world: world
x: 2932.784642735541
y: 89.76889129980772
z: 6579.790702685002
yaw: -185.6419
pitch: 21.899963
name: RNShipYards
