world: world
x: 8188.491459951829
y: 82.9905604698264
z: 5654.867768236795
yaw: -88.44221
pitch: 18.9
name: SouthHaven
