world: world
x: 5553.5
y: 4.0
z: 2953.5
yaw: -0.25604248
pitch: -1.6857405
name: Spawn
