world: world
x: 7431.533928005119
y: 135.60610574066138
z: 2629.978309241382
yaw: -88.89183
pitch: 35.85002
name: Stovak
