world: world
x: 6000.5
y: 100.0
z: 3200.5
yaw: -88.89183
pitch: 35.85002
name: Sunkschiff
