world: world
x: 2642.3865523705913
y: 137.48110581284647
z: 4587.238079048641
yaw: -295.2919
pitch: 15.450012
name: Trindon
