world: world
x: 4243.561331046939
y: 113.13444740239375
z: 2666.6622989462403
yaw: -300.242
pitch: 11.249998
name: Verace
