world: world
x: -158.42038955607632
y: 144.0
z: 181.56077092102052
yaw: -359.6211
pitch: 2.5815063
name: bedwars
