world: world
x: 1261.3341479554917
y: 69.0
z: 1352.5611968606543
yaw: 175.78229
pitch: 22.050016
name: desert
