world: world
x: -469.69150619998464
y: 69.0
z: 277.4499534373695
yaw: -269.89062
pitch: 8.540347
name: Enderknights
