world: world_nether
x: -67.10803456041609
y: 76.0
z: -108.49840474373272
yaw: -85.93109
pitch: 19.223951
name: nether
