world: world
x: -158.4788359232857
y: 144.0
z: 179.63097036049336
yaw: 356.28098
pitch: 63.900013
name: parkour
