world: world
x: 30.467886955498127
y: 68.67057271728844
z: 353.4234940608741
yaw: -50.685726
pitch: 3.3381085
name: pb
