world: world
x: -256.50731852691035
y: 144.0
z: 152.30000001192093
yaw: -0.41291603
pitch: 2.0330877
name: sc
