world: world
x: -213.69999998807907
y: 160.0
z: 276.30000001192093
yaw: -31.01941
pitch: 1.091595
name: spleef
