world: world
x: 646.1307724526113
y: 57.0
z: 527.2542101294791
yaw: -106.21777
pitch: 33.475117
name: survival
