world: world
x: 3395.724375753031
y: 67.0
z: 1608.6030922313885
yaw: -193.66727
pitch: 47.850014
name: winter
