lastAccountName: JEAN_MILAN
timestamps:
  login: 1524787151823
  logout: 1524787967624
  lastteleport: 1524787328982
ipAddress: 108.209.224.61
lastlocation:
  world: world
  x: 5884.60938539362
  y: 48.66051704713344
  z: 3576.5636113586197
  yaw: 274.85858
  pitch: 78.0
money: '9975000.0'
logoutlocation:
  world: world
  x: 5869.303670179973
  y: 151.38258618775984
  z: 3577.28395354453
  yaw: 106.52883
  pitch: 58.050014
