lastAccountName: Eycopercly
timestamps:
  login: 1523766328106
  logout: 1523766362417
ipAddress: 76.103.133.62
lastlocation:
  world: world
  x: 5554.404107385509
  y: 4.0
  z: 2980.3601447358114
  yaw: 19.24219
  pitch: 1.5257326
logoutlocation:
  world: world
  x: 5676.300000011921
  y: 10.0
  z: 2933.300000011921
  yaw: 133.24944
  pitch: 13.683421
