lastAccountName: BaccaYarro
timestamps:
  login: 1437889802699
  lastteleport: 1437772854166
  logout: 1437890634492
ipAddress: 127.0.0.1
lastlocation:
  world: world
  x: 5967.5
  y: 68.0
  z: 3244.5
  yaw: 0.0
  pitch: 0.0
money: '0.0'
afk: false
logoutlocation:
  world: world
  x: 5554.253854905064
  y: 4.0
  z: 2952.519359925076
  yaw: 0.48709106
  pitch: 12.467077
