lastAccountName: Supreme_Kirby
timestamps:
  login: 1524354004955
  logout: 1524354533375
  lastteleport: 1523836151200
ipAddress: 99.89.34.31
lastlocation:
  world: world
  x: 6073.666891069746
  y: 48.66245141434092
  z: 3777.686133287984
  yaw: 30.946123
  pitch: 11.64408
logoutlocation:
  world: world
  x: 6002.43335079773
  y: 65.66062774517125
  z: 3757.4451427449903
  yaw: -184.9183
  pitch: 20.48186
