lastAccountName: SkyNoob28
timestamps:
  login: 1523937950206
  logout: 1523937967634
ipAddress: 24.6.231.231
lastlocation:
  world: world
  x: 8365.22694018817
  y: 100.0
  z: 5708.447991602209
  yaw: 257.77982
  pitch: 33.31556
money: '500'
logoutlocation:
  world: world
  x: 8626.844066308273
  y: 111.58584889897269
  z: 5185.104262248683
  yaw: -149.3788
  pitch: 46.054024
