lastAccountName: ChrisTh3Pro
timestamps:
  login: 1525639711763
  logout: 1525639721467
ipAddress: 108.95.131.34
lastlocation:
  world: world
  x: -414.5
  y: 126.0
  z: 196.5
  yaw: 2.9463317
  pitch: 0.0
logoutlocation:
  world: world
  x: -413.0331444963605
  y: 111.0
  z: 200.9484237404597
  yaw: -95.61283
  pitch: 28.348083
