lastlocation:
  world: world
  x: -417.5
  y: 70.0
  z: 197.5
  yaw: 2.4265888
  pitch: 0.0
lastAccountName: TheJavaDev
timestamps:
  login: 1530151531701
  logout: 1530151561302
ipAddress: 127.0.0.1
logoutlocation:
  world: world
  x: -413.29131586663425
  y: 70.0
  z: 199.55414912756532
  yaw: -131.65685
  pitch: 10.907235
