lastAccountName: CyberKn1ght
timestamps:
  login: 1533234909292
  logout: 1533234929350
ipAddress: 47.36.118.25
lastlocation:
  world: world
  x: -71.5
  y: 78.0
  z: 262.5
  yaw: 1.0243434
  pitch: 0.0
logoutlocation:
  world: world
  x: -28.30000001192093
  y: 69.0
  z: 378.30000001192093
  yaw: 190.3731
  pitch: -6.559938
