world: world
x: -1168.1178399388007
y: 69.0
z: 163.35605843383806
yaw: -350.2171
pitch: -5.7108665
name: bob
