world: world_nether
x: -327.6807709332659
y: 62.0
z: -81.60399506752572
yaw: -185.41791
pitch: 67.19998
name: ghast
