world: world
x: -181.30000001192093
y: 178.0
z: 370.30000001192093
yaw: 44.9505
pitch: 50.678375
name: hide
