world: world
x: -214.89949107306302
y: 78.0
z: 211.52239877779147
yaw: -358.808
pitch: -4.050745
name: hub
