world: world
x: 211.85110786279154
y: 76.0
z: -617.6956348201098
yaw: -239.25374
pitch: 62.099762
name: huh
