world: world_nether
x: -39.93008919816068
y: 128.0
z: 35.34847373239512
yaw: 4.2684875
pitch: 3.1043546
name: random
