world: world
x: 563.4073676559448
y: 149.0
z: 653.3000000119209
yaw: -2.1802597
pitch: 6.067046
name: s
