jails: 
  cell1: 
    world: world
    x: 5557.413521337075
    y: 4.0
    z: 2868.3077339432202
    yaw: 0.29888916
    pitch: -0.15346293
  cell2: 
    world: world
    x: 5560.392046612901
    y: 4.0
    z: 2868.563364348284
    yaw: 1.2130737
    pitch: 1.5838064
  cell3: 
    world: world
    x: 5563.441641930783
    y: 4.0
    z: 2868.328451790403
    yaw: 0.11553955
    pitch: 0.21230611
