spawns: 
  default: 
    world: world
    x: 5966.1446099295035
    y: 68.0
    z: 3245.0890812580437
    yaw: -358.74185
    pitch: -7.2
  newbies: 
    world: world
    x: 5553.843275474309
    y: 4.0
    z: 2953.686393023202
    yaw: -0.25604248
    pitch: -1.6857405
  super_piggy000: 
    world: world
    x: 2980.581434572483
    y: 65.0
    z: 6654.161800593895
    yaw: 183.3003
    pitch: 2.0999496
